Метод барьерных функций, Метод Ньютона
      1	[ 1.6731, -3.467]	-66.3146	   50.0	12.7879
      2	[ 1.5413,-4.6398]	-71.9751	   25.0	 0.1668
      3	[ 1.5536,-4.6693]	-71.9874	   12.5	 0.0003
Метод барьерных функций, Метод градиентного спуска с дроблением шага
      1	[ 2.6314,-0.3197]	26.7184	   90.0	 0.0078	 0.6197
      2	[ 2.2292,-0.5854]	 0.6548	   81.0	 0.0078	 0.4821
      3	[ 1.9151,-0.8157]	-16.621	   72.9	 0.0078	 0.3895
      4	[ 1.6687,-1.0185]	-28.3348	  65.61	 0.0078	 0.3192
      5	[ 1.4756,-1.1992]	-36.4377	 59.049	 0.0078	 0.2644
      6	[ 1.3251,-1.3618]	-42.1668	53.1441	 0.0078	 0.2215
      7	[ 1.2087,-1.5092]	-46.3207	47.8297	 0.0078	 0.1878
      8	[ 1.1196,-1.6439]	-49.4196	43.0467	 0.0078	 0.1615
      9	[ 1.0524, -1.768]	-51.8043	 38.742	 0.0078	 0.1411
     10	[ 1.0028,-1.8829]	-53.699	34.8678	 0.0078	 0.1252
     11	[ 0.9673,  -1.99]	-55.252	31.3811	 0.0078	 0.1128
     12	[  0.943,-2.0903]	-56.5616	 28.243	 0.0078	 0.1032
     13	[ 0.9277,-2.1847]	-57.6935	25.4187	 0.0078	 0.0956
     14	[ 0.9195,-2.2739]	-58.6922	22.8768	 0.0078	 0.0896
     15	[ 0.9169,-2.3585]	-59.5876	20.5891	 0.0078	 0.0846
     16	[ 0.9188,-2.4389]	-60.4006	18.5302	 0.0078	 0.0805
     17	[ 0.9242,-2.5157]	-61.1456	16.6772	 0.0078	  0.077
     18	[ 0.9323,-2.5891]	-61.833	15.0095	 0.0078	 0.0739
     19	[ 0.9425,-2.6595]	-62.4705	13.5085	 0.0078	 0.0711
     20	[ 0.9543, -2.727]	-63.0638	12.1577	 0.0078	 0.0685
     21	[ 0.9672,-2.7919]	-63.6174	10.9419	 0.0078	 0.0662
     22	[  0.981,-2.8544]	-64.1349	 9.8477	 0.0078	  0.064
     23	[ 0.9953,-2.9146]	-64.6193	 8.8629	 0.0078	 0.0619
     24	[ 1.0101,-2.9726]	-65.0731	 7.9766	 0.0078	 0.0599
     25	[  1.025,-3.0287]	-65.4986	  7.179	 0.0078	  0.058
     26	[   1.04,-3.0828]	-65.8976	 6.4611	 0.0078	 0.0562
     27	[  1.055,-3.1351]	-66.2719	  5.815	 0.0078	 0.0544
     28	[ 1.0699,-3.1856]	-66.6231	 5.2335	 0.0078	 0.0527
     29	[ 1.0846,-3.2345]	-66.9528	 4.7101	 0.0078	  0.051
     30	[  1.099,-3.2818]	-67.2622	 4.2391	 0.0078	 0.0495
     31	[ 1.1132,-3.3275]	-67.5526	 3.8152	 0.0078	 0.0479
     32	[ 1.1272,-3.3718]	-67.8253	 3.4337	 0.0078	 0.0464
     33	[ 1.1408,-3.4147]	-68.0812	 3.0903	 0.0078	  0.045
     34	[ 1.1541,-3.4562]	-68.3215	 2.7813	 0.0078	 0.0436
     35	[ 1.1671,-3.4964]	-68.547	 2.5032	 0.0078	 0.0422
     36	[ 1.1797,-3.5353]	-68.7588	 2.2528	 0.0078	 0.0409
     37	[  1.192, -3.573]	-68.9576	 2.0276	 0.0078	 0.0397
     38	[ 1.2039,-3.6096]	-69.1442	 1.8248	 0.0078	 0.0384
     39	[ 1.2155,-3.6449]	-69.3194	 1.6423	 0.0078	 0.0372
     40	[ 1.2268,-3.6792]	-69.4838	 1.4781	 0.0078	 0.0361
     41	[ 1.2378,-3.7124]	-69.6382	 1.3303	 0.0078	  0.035
     42	[ 1.2484,-3.7446]	-69.7831	 1.1973	 0.0078	 0.0339
     43	[ 1.2587,-3.7757]	-69.9192	 1.0775	 0.0078	 0.0328
     44	[ 1.2687,-3.8059]	-70.0469	 0.9698	 0.0078	 0.0318
     45	[ 1.2784,-3.8351]	-70.1668	 0.8728	 0.0078	 0.0308
     46	[ 1.2878,-3.8635]	-70.2793	 0.7855	 0.0078	 0.0299
     47	[  1.297,-3.8909]	-70.385	  0.707	 0.0078	 0.0289
     48	[ 1.3058,-3.9175]	-70.4841	 0.6363	 0.0078	  0.028
     49	[ 1.3144,-3.9433]	-70.5772	 0.5726	 0.0078	 0.0272
     50	[ 1.3227,-3.9682]	-70.6646	 0.5154	 0.0078	 0.0263
     51	[ 1.3308,-3.9924]	-70.7466	 0.4638	 0.0078	 0.0255
     52	[ 1.3386,-4.0158]	-70.8236	 0.4175	 0.0078	 0.0247
     53	[ 1.3461,-4.0386]	-70.8959	 0.3757	 0.0078	 0.0239
     54	[ 1.3535,-4.0605]	-70.9637	 0.3381	 0.0078	 0.0232
     55	[ 1.3606,-4.0819]	-71.0274	 0.3043	 0.0078	 0.0225
     56	[ 1.3675,-4.1025]	-71.0871	 0.2739	 0.0078	 0.0218
     57	[ 1.3741,-4.1225]	-71.1432	 0.2465	 0.0078	 0.0211
     58	[ 1.3806,-4.1419]	-71.1959	 0.2219	 0.0078	 0.0204
     59	[ 1.3868,-4.1607]	-71.2453	 0.1997	 0.0078	 0.0198
     60	[ 1.3929,-4.1789]	-71.2917	 0.1797	 0.0078	 0.0192
     61	[ 1.3988,-4.1965]	-71.3352	 0.1617	 0.0078	 0.0186
     62	[ 1.4045,-4.2136]	-71.3761	 0.1456	 0.0078	  0.018
     63	[   1.41,-4.2301]	-71.4144	  0.131	 0.0078	 0.0174
     64	[ 1.4153,-4.2461]	-71.4504	 0.1179	 0.0078	 0.0169
     65	[ 1.4205,-4.2617]	-71.4842	 0.1061	 0.0078	 0.0164
     66	[ 1.4255,-4.2767]	-71.5159	 0.0955	 0.0078	 0.0159
     67	[ 1.4304,-4.2913]	-71.5457	  0.086	 0.0078	 0.0154
     68	[ 1.4351,-4.3054]	-71.5736	 0.0774	 0.0078	 0.0149
     69	[ 1.4397,-4.3191]	-71.5998	 0.0696	 0.0078	 0.0144
     70	[ 1.4441,-4.3323]	-71.6244	 0.0627	 0.0078	  0.014
     71	[ 1.4484,-4.3452]	-71.6475	 0.0564	 0.0078	 0.0135
     72	[ 1.4525,-4.3576]	-71.6692	 0.0508	 0.0078	 0.0131
     73	[ 1.4565,-4.3696]	-71.6895	 0.0457	 0.0078	 0.0127
     74	[ 1.4604,-4.3813]	-71.7086	 0.0411	 0.0078	 0.0123
     75	[ 1.4642,-4.3926]	-71.7266	  0.037	 0.0078	 0.0119
     76	[ 1.4679,-4.4036]	-71.7434	 0.0333	 0.0078	 0.0116
     77	[ 1.4714,-4.4142]	-71.7592	   0.03	 0.0078	 0.0112
     78	[ 1.4748,-4.4245]	-71.774	  0.027	 0.0078	 0.0108
     79	[ 1.4781,-4.4345]	-71.7879	 0.0243	 0.0078	 0.0105
     80	[ 1.4814,-4.4441]	-71.8009	 0.0218	 0.0078	 0.0102
     81	[ 1.4845,-4.4535]	-71.8132	 0.0197	 0.0078	 0.0099
     82	[ 1.4875,-4.4625]	-71.8246	 0.0177	 0.0078	 0.0095
     83	[ 1.4904,-4.4713]	-71.8354	 0.0159	 0.0078	 0.0093
     84	[ 1.4933,-4.4798]	-71.8456	 0.0143	 0.0078	  0.009
     85	[  1.496, -4.488]	-71.8551	 0.0129	 0.0078	 0.0087
     86	[ 1.4987, -4.496]	-71.864	 0.0116	 0.0078	 0.0084
     87	[ 1.5012,-4.5037]	-71.8723	 0.0104	 0.0078	 0.0081
     88	[ 1.5037,-4.5112]	-71.8802	 0.0094	 0.0078	 0.0079
     89	[ 1.5062,-4.5185]	-71.8876	 0.0085	 0.0078	 0.0076
     90	[ 1.5085,-4.5255]	-71.8945	 0.0076	 0.0078	 0.0074
     91	[ 1.5108,-4.5323]	-71.901	 0.0069	 0.0078	 0.0072
     92	[  1.513,-4.5389]	-71.9071	 0.0062	 0.0078	  0.007
     93	[ 1.5151,-4.5453]	-71.9128	 0.0056	 0.0078	 0.0067
     94	[ 1.5172,-4.5515]	-71.9181	  0.005	 0.0078	 0.0065
     95	[ 1.5192,-4.5575]	-71.9232	 0.0045	 0.0078	 0.0063
     96	[ 1.5211,-4.5633]	-71.9279	  0.004	 0.0078	 0.0061
     97	[  1.523,-4.5689]	-71.9323	 0.0036	 0.0078	 0.0059
     98	[ 1.5248,-4.5744]	-71.9365	 0.0033	 0.0078	 0.0057
     99	[ 1.5266,-4.5797]	-71.9404	  0.003	 0.0078	 0.0056
    100	[ 1.5283,-4.5848]	-71.9441	 0.0027	 0.0078	 0.0054
    101	[ 1.5299,-4.5897]	-71.9475	 0.0024	 0.0078	 0.0052
    102	[ 1.5315,-4.5945]	-71.9507	 0.0022	 0.0078	 0.0051
    103	[ 1.5331,-4.5992]	-71.9538	 0.0019	 0.0078	 0.0049
    104	[ 1.5346,-4.6037]	-71.9566	 0.0017	 0.0078	 0.0048
    105	[  1.536,-4.6081]	-71.9593	 0.0016	 0.0078	 0.0046
    106	[ 1.5374,-4.6123]	-71.9618	 0.0014	 0.0078	 0.0045
    107	[ 1.5388,-4.6164]	-71.9641	 0.0013	 0.0078	 0.0043
    108	[ 1.5401,-4.6204]	-71.9663	 0.0011	 0.0078	 0.0042
    109	[ 1.5414,-4.6242]	-71.9684	  0.001	 0.0078	 0.0041
    110	[ 1.5426,-4.6279]	-71.9704	 0.0009	 0.0078	 0.0039
    111	[ 1.5438,-4.6315]	-71.9722	 0.0008	 0.0078	 0.0038
    112	[  1.545, -4.635]	-71.9739	 0.0008	 0.0078	 0.0037
    113	[ 1.5461,-4.6384]	-71.9755	 0.0007	 0.0078	 0.0036
    114	[ 1.5472,-4.6417]	-71.977	 0.0006	 0.0078	 0.0035
    115	[ 1.5483,-4.6449]	-71.9784	 0.0005	 0.0078	 0.0034
    116	[ 1.5493, -4.648]	-71.9798	 0.0005	 0.0078	 0.0032
    117	[ 1.5503,-4.6509]	-71.981	 0.0004	 0.0078	 0.0031
    118	[ 1.5513,-4.6538]	-71.9822	 0.0004	 0.0078	  0.003
    119	[ 1.5522,-4.6566]	-71.9833	 0.0004	 0.0078	  0.003
    120	[ 1.5531,-4.6593]	-71.9843	 0.0003	 0.0078	 0.0029
    121	[  1.554, -4.662]	-71.9853	 0.0003	 0.0078	 0.0028
    122	[ 1.5548,-4.6645]	-71.9862	 0.0003	 0.0078	 0.0027
    123	[ 1.5557, -4.667]	-71.987	 0.0002	 0.0078	 0.0026
    124	[ 1.5565,-4.6694]	-71.9878	 0.0002	 0.0078	 0.0025
    125	[ 1.5572,-4.6717]	-71.9886	 0.0002	 0.0078	 0.0024
    126	[  1.558,-4.6739]	-71.9893	 0.0002	 0.0078	 0.0024
    127	[ 1.5587,-4.6761]	-71.9899	 0.0002	 0.0078	 0.0023
    128	[ 1.5594,-4.6782]	-71.9905	 0.0001	 0.0078	 0.0022
    129	[ 1.5601,-4.6802]	-71.9911	 0.0001	 0.0078	 0.0021
    130	[ 1.5607,-4.6822]	-71.9917	 0.0001	 0.0078	 0.0021
    131	[ 1.5614,-4.6841]	-71.9922	 0.0001	 0.0078	  0.002
    132	[  1.562, -4.686]	-71.9927	 0.0001	 0.0078	  0.002
    133	[ 1.5626,-4.6878]	-71.9931	 0.0001	 0.0078	 0.0019
    134	[ 1.5632,-4.6895]	-71.9935	 0.0001	 0.0078	 0.0018
    135	[ 1.5637,-4.6912]	-71.9939	 0.0001	 0.0078	 0.0018
    136	[ 1.5643,-4.6928]	-71.9943	 0.0001	 0.0078	 0.0017
    137	[ 1.5648,-4.6944]	-71.9947	 0.0001	 0.0078	 0.0017
    138	[ 1.5653,-4.6959]	-71.995	    0.0	 0.0078	 0.0016
    139	[ 1.5658,-4.6974]	-71.9953	    0.0	 0.0078	 0.0016
    140	[ 1.5663,-4.6989]	-71.9956	    0.0	 0.0078	 0.0015
    141	[ 1.5668,-4.7003]	-71.9959	    0.0	 0.0078	 0.0015
    142	[ 1.5672,-4.7016]	-71.9961	    0.0	 0.0078	 0.0014
    143	[ 1.5676,-4.7029]	-71.9964	    0.0	 0.0078	 0.0014
    144	[ 1.5681,-4.7042]	-71.9966	    0.0	 0.0078	 0.0013
    145	[ 1.5685,-4.7054]	-71.9968	    0.0	 0.0078	 0.0013
    146	[ 1.5689,-4.7066]	-71.997	    0.0	 0.0078	 0.0013
    147	[ 1.5692,-4.7077]	-71.9972	    0.0	 0.0078	 0.0012
    148	[ 1.5696,-4.7089]	-71.9973	    0.0	 0.0078	 0.0012
    149	[   1.57,-4.7099]	-71.9975	    0.0	 0.0078	 0.0011
    150	[ 1.5703, -4.711]	-71.9977	    0.0	 0.0078	 0.0011
    151	[ 1.5707, -4.712]	-71.9978	    0.0	 0.0078	 0.0011
    152	[  1.571, -4.713]	-71.9979	    0.0	 0.0078	  0.001
    153	[ 1.5713,-4.7139]	-71.9981	    0.0	 0.0078	  0.001
    154	[ 1.5716,-4.7148]	-71.9982	    0.0	 0.0078	  0.001
Метод барьерных функций, Метод исчерпывающего спуска
      1	[ 0.2137,-1.7758]	-49.3588	 0.0434	15.5787
      2	[ 1.4346,-2.7407]	-61.492	 0.0999	14.2863
      3	[ 0.9385,-3.3291]	-66.9093	 0.0539	  6.896
      4	[ 1.4794,-3.7575]	-69.5715	 0.1001	 6.3096
      5	[ 1.2597,-4.0115]	-70.6679	 0.0532	 2.9965
      6	[ 1.4982,-4.2059]	-71.3249	 0.1027	 2.7747
      7	[ 1.4013,-4.3143]	-71.5549	 0.0524	  1.315
      8	[ 1.5089, -4.407]	-71.7489	  0.108	  1.255
      9	[  1.465,-4.4559]	-71.8041	 0.0524	  0.631
     10	[  1.518,-4.5038]	-71.8747	 0.1132	 0.6235
     11	[ 1.4964,-4.5295]	-71.8925	 0.0539	 0.3589
     12	[ 1.5266,-4.5569]	-71.924	 0.1137	 0.3638
     13	[ 1.5141,-4.5737]	-71.9324	 0.0574	 0.2475
     14	[ 1.5344, -4.591]	-71.949	 0.1077	  0.252
     15	[  1.526,-4.6044]	-71.9546	 0.0627	 0.1972
     16	[ 1.5412,-4.6162]	-71.9644	 0.0978	 0.1961
     17	[ 1.5349,-4.6282]	-71.9686	 0.0692	 0.1695
     18	[ 1.5472,-4.6366]	-71.9748	 0.0879	 0.1607
     19	[ 1.5422,-4.6478]	-71.9782	 0.0764	 0.1493
     20	[ 1.5524,-4.6538]	-71.9823	 0.0795	 0.1334
     21	[ 1.5485,-4.6644]	-71.985	 0.0842	 0.1312
     22	[  1.557,-4.6688]	-71.9877	 0.0729	   0.11
     23	[  1.554,-4.6785]	-71.9898	 0.0926	 0.1135
     24	[  1.561,-4.6816]	-71.9916	 0.0677	 0.0895
     25	[ 1.5587,-4.6905]	-71.9932	 0.1018	 0.0961
     26	[ 1.5644,-4.6927]	-71.9943	 0.0636	 0.0715
     27	[ 1.5628,-4.7006]	-71.9955	 0.1117	 0.0795
     28	[ 1.5674,-4.7021]	-71.9962	 0.0604	 0.0563
     29	[ 1.5663,-4.7089]	-71.9971	 0.1222	 0.0642
     30	[ 1.5699,  -4.71]	-71.9975	 0.0579	 0.0436
     31	[ 1.5692,-4.7158]	-71.9981	 0.1333	 0.0507
     32	[  1.572,-4.7165]	-71.9984	  0.056	 0.0333
     33	[ 1.5716,-4.7213]	-71.9988	 0.1445	 0.0392
     34	[ 1.5737,-4.7218]	-71.999	 0.0547	 0.0253
     35	[ 1.5736,-4.7258]	-71.9992	 0.1552	 0.0298
     36	[ 1.5752,-4.7261]	-71.9993	 0.0538	 0.0192
     37	[ 1.5751,-4.7293]	-71.9995	 0.1647	 0.0226
     38	[ 1.5763,-4.7296]	-71.9996	 0.0533	 0.0147
     39	[ 1.5764,-4.7321]	-71.9997	 0.1722	 0.0171
     40	[ 1.5772,-4.7323]	-71.9997	 0.0532	 0.0114
     41	[ 1.5773,-4.7343]	-71.9998	 0.1772	 0.0132
     42	[  1.578,-4.7344]	-71.9998	 0.0532	 0.0089
     43	[ 1.5781, -4.736]	-71.9999	   0.18	 0.0103
     44	[ 1.5786,-4.7362]	-71.9999	 0.0534	 0.0071
     45	[ 1.5786,-4.7374]	-71.9999	  0.181	 0.0082
     46	[ 1.5791,-4.7375]	-71.9999	 0.0536	 0.0057
     47	[ 1.5791,-4.7386]	-71.9999	  0.181	 0.0066
     48	[ 1.5795,-4.7387]	-71.9999	 0.0537	 0.0046
     49	[ 1.5795,-4.7395]	  -72.0	 0.1806	 0.0054
     50	[ 1.5798,-4.7396]	  -72.0	 0.0538	 0.0038
     51	[ 1.5798,-4.7402]	  -72.0	 0.1801	 0.0044
     52	[   1.58,-4.7403]	  -72.0	 0.0538	 0.0031
     53	[ 1.5801,-4.7408]	  -72.0	 0.1797	 0.0036
     54	[ 1.5802,-4.7409]	  -72.0	 0.0538	 0.0025
     55	[ 1.5803,-4.7413]	  -72.0	 0.1794	 0.0029
     56	[ 1.5804,-4.7414]	  -72.0	 0.0538	  0.002
     57	[ 1.5804,-4.7417]	  -72.0	 0.1792	 0.0024
     58	[ 1.5806,-4.7417]	  -72.0	 0.0538	 0.0016
     59	[ 1.5806, -4.742]	  -72.0	  0.179	 0.0019
     60	[ 1.5807,-4.7421]	  -72.0	 0.0538	 0.0013
     61	[ 1.5807,-4.7423]	  -72.0	 0.1789	 0.0016
     62	[ 1.5808,-4.7423]	  -72.0	 0.0538	 0.0011
     63	[ 1.5808,-4.7425]	  -72.0	 0.1788	 0.0013
     64	[ 1.5808,-4.7425]	  -72.0	 0.0538	 0.0009
