Регулярный симплекс (l = 2)
      1	      1	[ 2.1623,-0.5774] 	-1.6904	62.4474
       	      2	[ 3.1623, 1.1547] 	115.8178	       
       	      3	[ 4.1623,-0.5774] 	117.8725	       
      2	      1	[ 2.1623,-0.5774] 	-1.6904	63.7402
       	      2	[ 1.1623, 1.1547] 	19.4703	       
       	      3	[ 3.1623, 1.1547] 	115.8178	       
      3	      1	[ 0.1623,-0.5774] 	-33.2533	31.8253
       	      2	[ 2.1623,-0.5774] 	-1.6904	       
       	      3	[ 1.1623, 1.1547] 	19.4703	       
      4	      1	[ 1.1623,-2.3094] 	-58.4139	28.8358
       	      2	[ 0.1623,-0.5774] 	-33.2533	       
       	      3	[ 2.1623,-0.5774] 	-1.6904	       
      5	      1	[ 1.1623,-2.3094] 	-58.4139	 16.922
       	      2	[ 0.1623,-0.5774] 	-33.2533	       
       	      3	[-0.8377,-2.3094] 	-25.1922	       
      6	      1	[ 1.1623,-2.3094] 	-58.4139	10.2858
       	      2	[ 0.6623,-1.4434] 	-48.2355	       
       	      3	[ 1.6623,-1.4434] 	-37.6502	       
      7	      1	[ 1.1623,-2.3094] 	-58.4139	 6.6668
       	      2	[ 0.1623,-2.3094] 	-52.803	       
       	      3	[ 0.6623,-1.4434] 	-48.2355	       
      8	      1	[ 0.6623,-3.1754] 	-63.9814	 6.5494
       	      2	[ 1.1623,-2.3094] 	-58.4139	       
       	      3	[ 0.1623,-2.3094] 	-52.803	       
      9	      1	[ 0.6623,-3.1754] 	-63.9814	 5.2513
       	      2	[ 1.6623,-3.1754] 	-63.7885	       
       	      3	[ 1.1623,-2.3094] 	-58.4139	       
     10	      1	[ 1.1623,-4.0415] 	-70.356	 3.5064
       	      2	[ 0.6623,-3.1754] 	-63.9814	       
       	      3	[ 1.6623,-3.1754] 	-63.7885	       
     11	      1	[ 1.1623,-4.0415] 	-70.356	 2.5993
       	      2	[ 0.9123,-3.6084] 	-67.7692	       
       	      3	[ 0.6623,-4.0415] 	-65.1044	       
     12	      1	[ 1.1623,-4.0415] 	-70.356	 1.5301
       	      2	[ 1.4123,-3.6084] 	-68.9717	       
       	      3	[ 0.9123,-3.6084] 	-67.7692	       
     13	      1	[ 1.1623,-4.0415] 	-70.356	 1.2608
       	      2	[ 1.6623,-4.0415] 	-70.1076	       
       	      3	[ 1.4123,-3.6084] 	-68.9717	       
     14	      1	[ 1.4123,-4.4745] 	-71.7418	 0.8557
       	      2	[ 1.1623,-4.0415] 	-70.356	       
       	      3	[ 1.6623,-4.0415] 	-70.1076	       
     15	      1	[ 1.4123,-4.4745] 	-71.7418	 0.6079
       	      2	[ 1.2873, -4.258] 	-71.199	       
       	      3	[ 1.1623,-4.4745] 	-70.529	       
     16	      1	[ 1.4123,-4.4745] 	-71.7418	 0.3303
       	      2	[ 1.5373, -4.258] 	-71.3996	       
       	      3	[ 1.2873, -4.258] 	-71.199	       
     17	      1	[ 1.4123,-4.4745] 	-71.7418	 0.2942
       	      2	[ 1.6623,-4.4745] 	-71.5796	       
       	      3	[ 1.5373, -4.258] 	-71.3996	       
     18	      1	[ 1.5373, -4.691] 	-71.9844	 0.2123
       	      2	[ 1.4123,-4.4745] 	-71.7418	       
       	      3	[ 1.6623,-4.4745] 	-71.5796	       
     19	      1	[ 1.5373, -4.691] 	-71.9844	 0.1321
       	      2	[ 1.4748,-4.5827] 	-71.9006	       
       	      3	[ 1.4123, -4.691] 	-71.7312	       
     20	      1	[ 1.5373, -4.691] 	-71.9844	 0.0588
       	      2	[ 1.5998,-4.5827] 	-71.9007	       
       	      3	[ 1.4748,-4.5827] 	-71.9006	       
     21	      1	[ 1.5373, -4.691] 	-71.9844	 0.0153
       	      2	[ 1.5998, -4.691] 	-71.9821	       
       	      3	[ 1.5685,-4.6368] 	-71.9722	       
     22	      1	[ 1.5685,-4.7451] 	-71.9981	 0.0089
       	      2	[ 1.5373, -4.691] 	-71.9844	       
       	      3	[ 1.5998, -4.691] 	-71.9821	       
     23	      1	[ 1.5685,-4.7451] 	-71.9981	 0.0106
       	      2	[ 1.5529, -4.718] 	-71.9936	       
       	      3	[ 1.5373,-4.7451] 	-71.9784	       
     24	      1	[ 1.5685,-4.7451] 	-71.9981	 0.0038
       	      2	[ 1.5842, -4.718] 	-71.9975	       
       	      3	[ 1.5529, -4.718] 	-71.9936	       
     25	      1	[ 1.5685,-4.7451] 	-71.9981	 0.0025
       	      2	[ 1.5842, -4.718] 	-71.9975	       
       	      3	[ 1.5998,-4.7451] 	-71.9964	       
     26	      1	[ 1.5763,-4.7316] 	-71.9997	 0.0018
       	      2	[ 1.5685,-4.7451] 	-71.9981	       
       	      3	[ 1.5607,-4.7316] 	-71.9964	       
     27	      1	[ 1.5842,-4.7451] 	-71.9999	 0.0011
       	      2	[ 1.5763,-4.7316] 	-71.9997	       
       	      3	[ 1.5685,-4.7451] 	-71.9981	       
     28	      1	[ 1.5802,-4.7383] 	-71.9999	 0.0005
       	      2	[ 1.5842,-4.7451] 	-71.9999	       
       	      3	[ 1.5881,-4.7383] 	-71.9992	       
Нелдера-Мида (l = 2)
      1	      1	[ 2.1623,-0.5774] 	-1.6904	62.4474
       	      2	[ 3.1623, 1.1547] 	115.8178	       
       	      3	[ 4.1623,-0.5774] 	117.8725	       
      2	      1	[ 2.1623,-0.5774] 	-1.6904	63.7402
       	      2	[ 1.1623, 1.1547] 	19.4703	       
       	      3	[ 3.1623, 1.1547] 	115.8178	       
      3	      1	[ 0.1623,-0.5774] 	-33.2533	31.8253
       	      2	[ 2.1623,-0.5774] 	-1.6904	       
       	      3	[ 1.1623, 1.1547] 	19.4703	       
      4	      1	[ 1.1623,-4.0415] 	-70.356	36.4485
       	      2	[ 0.1623,-0.5774] 	-33.2533	       
       	      3	[ 2.1623,-0.5774] 	-1.6904	       
      5	      1	[ 1.1623,-4.0415] 	-70.356	 19.449
       	      2	[-0.0877,-3.1754] 	-49.6887	       
       	      3	[ 0.1623,-0.5774] 	-33.2533	       
      6	      1	[ 1.1623,-4.0415] 	-70.356	11.3355
       	      2	[ 0.7248, -5.124] 	-61.5432	       
       	      3	[-0.0877,-3.1754] 	-49.6887	       
      7	      1	[ 1.4592,-5.2864] 	-70.5545	 5.6795
       	      2	[ 1.1623,-4.0415] 	-70.356	       
       	      3	[ 0.7248, -5.124] 	-61.5432	       
      8	      1	[ 1.6037,-4.4339] 	-71.6651	 1.1876
       	      2	[ 1.4592,-5.2864] 	-70.5545	       
       	      3	[ 1.1623,-4.0415] 	-70.356	       
      9	      1	[ 1.6037,-4.4339] 	-71.6651	 0.7345
       	      2	[ 1.3468,-4.4508] 	-71.5507	       
       	      3	[ 1.4592,-5.2864] 	-70.5545	       
     10	      1	[ 1.4672,-4.8643] 	-71.7307	 0.3357
       	      2	[ 1.6037,-4.4339] 	-71.6651	       
       	      3	[ 1.3468,-4.4508] 	-71.5507	       
     11	      1	[ 1.6297,-4.7483] 	-71.9754	 0.2191
       	      2	[ 1.4672,-4.8643] 	-71.7307	       
       	      3	[ 1.6037,-4.4339] 	-71.6651	       
     12	      1	[ 1.6297,-4.7483] 	-71.9754	 0.1423
       	      2	[ 1.5761,-4.6201] 	-71.9578	       
       	      3	[ 1.4672,-4.8643] 	-71.7307	       
     13	      1	[ 1.6297,-4.7483] 	-71.9754	 0.0338
       	      2	[ 1.5351,-4.7743] 	-71.9653	       
       	      3	[ 1.5761,-4.6201] 	-71.9578	       
     14	      1	[ 1.5792,-4.6907] 	-71.9922	 0.0159
       	      2	[ 1.6297,-4.7483] 	-71.9754	       
       	      3	[ 1.5351,-4.7743] 	-71.9653	       
     15	      1	[ 1.5698,-4.7469] 	-71.9983	  0.014
       	      2	[ 1.5792,-4.6907] 	-71.9922	       
       	      3	[ 1.6297,-4.7483] 	-71.9754	       
     16	      1	[ 1.5698,-4.7469] 	-71.9983	 0.0056
       	      2	[ 1.6021,-4.7335] 	-71.9936	       
       	      3	[ 1.5792,-4.6907] 	-71.9922	       
     17	      1	[ 1.5893, -4.765] 	-71.9989	 0.0034
       	      2	[ 1.5698,-4.7469] 	-71.9983	       
       	      3	[ 1.6021,-4.7335] 	-71.9936	       
     18	      1	[ 1.5908,-4.7447] 	-71.999	 0.0007
       	      2	[ 1.5893, -4.765] 	-71.9989	       
       	      3	[ 1.5698,-4.7469] 	-71.9983	       
