Метод барьерных функций, Метод Ньютона
      1	[ 1.5643,-4.6745]	-71.9896	   50.0	 1.1399
      2	[ 1.5442,-4.5972]	-71.9533	   25.0	 0.0045
      3	[  1.561,-4.6639]	-71.9862	   12.5	 0.0016
      4	[ 1.5705,-4.7016]	-71.9962	   6.25	 0.0003
Метод барьерных функций, Метод градиентного спуска с дроблением шага
      1	[ 2.1719,-0.5929]	-1.7705	   90.0	 0.0156	 1.1543
      2	[ 1.5794,-1.0365]	-30.8135	   81.0	 0.0156	 0.7401
      3	[ 1.2331,-1.3823]	-43.7939	   72.9	 0.0156	 0.4894
      4	[ 1.0388,-1.6627]	-50.3174	  65.61	 0.0156	 0.3412
      5	[ 0.9377,-1.8984]	-54.1465	 59.049	 0.0156	 0.2564
      6	[ 0.8936,-2.1022]	-56.7681	53.1441	 0.0156	 0.2086
      7	[ 0.8837,-2.2827]	-58.7815	47.8297	 0.0156	 0.1808
      8	[ 0.8941,-2.4453]	-60.4372	43.0467	 0.0156	 0.1629
      9	[ 0.9161,-2.5936]	-61.848	 38.742	 0.0156	 0.1499
     10	[ 0.9443,  -2.73]	-63.0709	34.8678	 0.0156	 0.1393
     11	[ 0.9755,-2.8564]	-64.1397	31.3811	 0.0156	 0.1301
     12	[ 1.0077,-2.9739]	-65.0773	 28.243	 0.0156	 0.1218
     13	[ 1.0398,-3.0834]	-65.9013	25.4187	 0.0156	 0.1141
     14	[ 1.0711,-3.1858]	-66.6263	22.8768	 0.0156	  0.107
     15	[ 1.1011,-3.2815]	-67.2644	20.5891	 0.0156	 0.1004
     16	[ 1.1297,-3.3712]	-67.8262	18.5302	 0.0156	 0.0941
     17	[ 1.1568,-3.4553]	-68.3211	16.6772	 0.0156	 0.0883
     18	[ 1.1824,-3.5341]	-68.757	15.0095	 0.0156	 0.0829
     19	[ 1.2066, -3.608]	-69.1411	13.5085	 0.0156	 0.0778
     20	[ 1.2293,-3.6774]	-69.4795	12.1577	 0.0156	  0.073
     21	[ 1.2507,-3.7425]	-69.7777	10.9419	 0.0156	 0.0685
     22	[ 1.2708,-3.8035]	-70.0406	 9.8477	 0.0156	 0.0643
     23	[ 1.2897,-3.8609]	-70.2723	 8.8629	 0.0156	 0.0604
     24	[ 1.3074,-3.9147]	-70.4766	 7.9766	 0.0156	 0.0567
     25	[ 1.3241,-3.9652]	-70.6567	  7.179	 0.0156	 0.0532
     26	[ 1.3397,-4.0127]	-70.8155	 6.4611	 0.0156	   0.05
     27	[ 1.3544,-4.0572]	-70.9555	  5.815	 0.0156	 0.0469
     28	[ 1.3682,-4.0991]	-71.0789	 5.2335	 0.0156	 0.0441
     29	[ 1.3812,-4.1384]	-71.1878	 4.7101	 0.0156	 0.0414
     30	[ 1.3934,-4.1752]	-71.2838	 4.2391	 0.0156	 0.0389
     31	[ 1.4048,-4.2099]	-71.3685	 3.8152	 0.0156	 0.0365
     32	[ 1.4155,-4.2424]	-71.4432	 3.4337	 0.0156	 0.0343
     33	[ 1.4256, -4.273]	-71.509	 3.0903	 0.0156	 0.0322
     34	[ 1.4351,-4.3017]	-71.5671	 2.7813	 0.0156	 0.0302
     35	[  1.444,-4.3287]	-71.6184	 2.5032	 0.0156	 0.0284
     36	[ 1.4523, -4.354]	-71.6635	 2.2528	 0.0156	 0.0267
     37	[ 1.4602,-4.3778]	-71.7034	 2.0276	 0.0156	 0.0251
     38	[ 1.4676,-4.4001]	-71.7385	 1.8248	 0.0156	 0.0235
     39	[ 1.4745,-4.4211]	-71.7695	 1.6423	 0.0156	 0.0221
     40	[  1.481,-4.4409]	-71.7968	 1.4781	 0.0156	 0.0208
     41	[ 1.4871,-4.4594]	-71.8209	 1.3303	 0.0156	 0.0195
     42	[ 1.4928,-4.4768]	-71.8422	 1.1973	 0.0156	 0.0183
     43	[ 1.4982,-4.4931]	-71.8609	 1.0775	 0.0156	 0.0172
     44	[ 1.5033,-4.5084]	-71.8774	 0.9698	 0.0156	 0.0162
     45	[ 1.5081,-4.5228]	-71.892	 0.8728	 0.0156	 0.0152
     46	[ 1.5125,-4.5364]	-71.9049	 0.7855	 0.0156	 0.0143
     47	[ 1.5167,-4.5491]	-71.9162	  0.707	 0.0156	 0.0134
     48	[ 1.5207, -4.561]	-71.9261	 0.6363	 0.0156	 0.0126
     49	[ 1.5244,-4.5722]	-71.9349	 0.5726	 0.0156	 0.0118
     50	[ 1.5279,-4.5827]	-71.9427	 0.5154	 0.0156	 0.0111
     51	[ 1.5311,-4.5926]	-71.9495	 0.4638	 0.0156	 0.0104
     52	[ 1.5342,-4.6019]	-71.9555	 0.4175	 0.0156	 0.0098
     53	[ 1.5371,-4.6106]	-71.9608	 0.3757	 0.0156	 0.0092
     54	[ 1.5398,-4.6188]	-71.9655	 0.3381	 0.0156	 0.0086
     55	[ 1.5423,-4.6265]	-71.9696	 0.3043	 0.0156	 0.0081
     56	[ 1.5447,-4.6337]	-71.9733	 0.2739	 0.0156	 0.0076
     57	[  1.547,-4.6404]	-71.9765	 0.2465	 0.0156	 0.0071
     58	[ 1.5491,-4.6468]	-71.9793	 0.2219	 0.0156	 0.0067
     59	[  1.551,-4.6528]	-71.9818	 0.1997	 0.0156	 0.0063
     60	[ 1.5529,-4.6584]	-71.9839	 0.1797	 0.0156	 0.0059
     61	[ 1.5546,-4.6636]	-71.9859	 0.1617	 0.0156	 0.0055
     62	[ 1.5563,-4.6685]	-71.9876	 0.1456	 0.0156	 0.0052
     63	[ 1.5578,-4.6732]	-71.989	  0.131	 0.0156	 0.0049
     64	[ 1.5592,-4.6775]	-71.9904	 0.1179	 0.0156	 0.0046
     65	[ 1.5606,-4.6816]	-71.9915	 0.1061	 0.0156	 0.0043
     66	[ 1.5619,-4.6854]	-71.9925	 0.0955	 0.0156	  0.004
     67	[ 1.5631, -4.689]	-71.9934	  0.086	 0.0156	 0.0038
     68	[ 1.5642,-4.6924]	-71.9942	 0.0774	 0.0156	 0.0036
     69	[ 1.5652,-4.6955]	-71.9949	 0.0696	 0.0156	 0.0033
     70	[ 1.5662,-4.6985]	-71.9955	 0.0627	 0.0156	 0.0031
     71	[ 1.5671,-4.7013]	-71.9961	 0.0564	 0.0156	 0.0029
     72	[  1.568,-4.7039]	-71.9965	 0.0508	 0.0156	 0.0028
     73	[ 1.5688,-4.7064]	-71.9969	 0.0457	 0.0156	 0.0026
     74	[ 1.5696,-4.7087]	-71.9973	 0.0411	 0.0156	 0.0024
     75	[ 1.5703,-4.7108]	-71.9976	  0.037	 0.0156	 0.0023
     76	[  1.571,-4.7128]	-71.9979	 0.0333	 0.0156	 0.0021
     77	[ 1.5716,-4.7147]	-71.9982	   0.03	 0.0156	  0.002
     78	[ 1.5722,-4.7165]	-71.9984	  0.027	 0.0156	 0.0019
     79	[ 1.5727,-4.7182]	-71.9986	 0.0243	 0.0156	 0.0018
     80	[ 1.5733,-4.7198]	-71.9988	 0.0218	 0.0156	 0.0017
     81	[ 1.5738,-4.7212]	-71.9989	 0.0197	 0.0156	 0.0015
     82	[ 1.5742,-4.7226]	-71.999	 0.0177	 0.0156	 0.0015
     83	[ 1.5746,-4.7239]	-71.9992	 0.0159	 0.0156	 0.0014
     84	[  1.575,-4.7251]	-71.9993	 0.0143	 0.0156	 0.0013
     85	[ 1.5754,-4.7263]	-71.9993	 0.0129	 0.0156	 0.0012
     86	[ 1.5758,-4.7273]	-71.9994	 0.0116	 0.0156	 0.0011
     87	[ 1.5761,-4.7283]	-71.9995	 0.0104	 0.0156	 0.0011
     88	[ 1.5764,-4.7293]	-71.9996	 0.0094	 0.0156	  0.001
Метод барьерных функций, Метод исчерпывающего спуска
      1	[ 0.4144,-1.6451]	-49.9166	 0.0434	13.5061
      2	[ 1.8139,-3.8275]	-67.608	  0.192	12.1684
      3	[  1.359,-4.0866]	-71.0382	  0.043	 1.9332
      4	[ 1.5561,-4.3687]	-71.628	  0.178	 1.8134
      5	[ 1.4883,-4.4072]	-71.7534	  0.043	 0.3608
      6	[ 1.5246,-4.4825]	-71.8491	 0.2315	 0.2357
      7	[ 1.5158,-4.4876]	-71.857	 0.0432	   0.14
      8	[  1.518,-4.5149]	-71.8861	 0.1954	 0.1316
      9	[ 1.5266,-4.5194]	-71.8901	 0.0738	 0.1841
     10	[ 1.5215,-4.5353]	-71.9054	 0.0908	 0.1874
     11	[ 1.5364,-4.5475]	-71.9155	  0.103	 0.2361
     12	[ 1.5286,-4.5608]	-71.9271	  0.065	  0.186
     13	[ 1.5458,-4.5795]	-71.9404	 0.1367	 0.2326
     14	[ 1.5378,-4.5893]	-71.9482	 0.0546	 0.1509
     15	[ 1.5533,-4.6123]	-71.9618	 0.1839	  0.174
     16	[ 1.5471,-4.6183]	-71.9659	 0.0494	 0.1037
     17	[ 1.5573,-4.6407]	-71.9768	 0.2372	  0.075
     18	[ 1.5546,-4.6436]	-71.9783	 0.0518	 0.0659
     19	[ 1.5598,-4.6593]	-71.9845	   0.25	  0.031
     20	[ 1.5594,-4.6637]	-71.9861	 0.1425	 0.0453
     21	[ 1.5639,-4.6692]	-71.9879	 0.1557	 0.0701
     22	[ 1.5615,-4.6727]	-71.9891	 0.0607	 0.0593
     23	[ 1.5677,-4.6824]	-71.9918	 0.1932	 0.0707
     24	[ 1.5652,-4.6851]	-71.9926	 0.0517	 0.0482
     25	[   1.57,-4.6952]	-71.9949	 0.2329	 0.0402
     26	[ 1.5686,-4.6968]	-71.9953	 0.0531	 0.0335
     27	[ 1.5716,-4.7044]	-71.9967	 0.2459	  0.022
     28	[ 1.5709,-4.7058]	-71.9969	 0.0685	 0.0255
     29	[ 1.5735,-4.7108]	-71.9977	 0.2214	 0.0277
     30	[ 1.5726, -4.712]	-71.9978	 0.0556	 0.0236
     31	[ 1.5749, -4.717]	-71.9985	  0.235	 0.0203
     32	[ 1.5742,-4.7179]	-71.9986	 0.0566	 0.0185
     33	[  1.576, -4.722]	-71.999	 0.2379	 0.0155
     34	[ 1.5755,-4.7227]	-71.9991	  0.059	 0.0149
     35	[  1.577,-4.7258]	-71.9993	 0.2334	 0.0137
     36	[ 1.5765,-4.7265]	-71.9994	 0.0573	 0.0125
     37	[ 1.5778,-4.7291]	-71.9996	 0.2344	 0.0111
     38	[ 1.5774,-4.7296]	-71.9996	 0.0574	 0.0102
     39	[ 1.5784,-4.7318]	-71.9997	 0.2343	 0.0091
     40	[ 1.5781,-4.7322]	-71.9997	 0.0574	 0.0083
     41	[ 1.5789, -4.734]	-71.9998	 0.2337	 0.0075
     42	[ 1.5787,-4.7343]	-71.9998	 0.0572	 0.0068
     43	[ 1.5793,-4.7357]	-71.9999	 0.2336	 0.0061
     44	[ 1.5791, -4.736]	-71.9999	 0.0571	 0.0055
     45	[ 1.5797,-4.7372]	-71.9999	 0.2334	  0.005
     46	[ 1.5795,-4.7374]	-71.9999	 0.0571	 0.0045
     47	[   1.58,-4.7384]	-71.9999	 0.2333	 0.0041
     48	[ 1.5798,-4.7385]	-71.9999	  0.057	 0.0037
     49	[ 1.5802,-4.7393]	  -72.0	 0.2332	 0.0033
     50	[ 1.5801,-4.7395]	  -72.0	  0.057	  0.003
     51	[ 1.5804,-4.7401]	  -72.0	 0.2331	 0.0027
     52	[ 1.5803,-4.7402]	  -72.0	  0.057	 0.0024
     53	[ 1.5805,-4.7407]	  -72.0	  0.233	 0.0022
     54	[ 1.5804,-4.7408]	  -72.0	 0.0569	  0.002
     55	[ 1.5806,-4.7412]	  -72.0	 0.2329	 0.0018
     56	[ 1.5806,-4.7413]	  -72.0	 0.0569	 0.0016
     57	[ 1.5807,-4.7416]	  -72.0	 0.2329	 0.0014
     58	[ 1.5807,-4.7417]	  -72.0	 0.0569	 0.0013
     59	[ 1.5808, -4.742]	  -72.0	 0.2328	 0.0012
     60	[ 1.5808, -4.742]	  -72.0	 0.0569	  0.001
     61	[ 1.5809,-4.7423]	  -72.0	 0.2328	  0.001
