Метод исчерпывающего спуска
      1	[ 0.4195,-1.6457]	-49.9592	 0.0434	13.5471
      2	[ 1.8301,-3.9966]	 -68.53	 0.2024	11.6118
      3	[ 1.3983,-4.2557]	-71.4537	 0.0434	 2.1328
      4	[ 1.6203,-4.6258]	-71.914	 0.2024	 1.8281
      5	[ 1.5523,-4.6666]	-71.9865	 0.0434	 0.3358
      6	[ 1.5873,-4.7249]	-71.9979	 0.2024	 0.2878
      7	[ 1.5766,-4.7313]	-71.9997	 0.0434	 0.0529
      8	[ 1.5821,-4.7405]	-71.9999	 0.2024	 0.0453
      9	[ 1.5804,-4.7415]	  -72.0	 0.0434	 0.0083
     10	[ 1.5813, -4.743]	  -72.0	 0.2024	 0.0071
     11	[  1.581,-4.7431]	  -72.0	 0.0434	 0.0013
     12	[ 1.5812,-4.7433]	  -72.0	 0.2024	 0.0011
     13	[ 1.5811,-4.7434]	  -72.0	 0.0434	 0.0002
Метод Флетчера-Ривса
      1	[ 0.4195,-1.6457]	-49.9592	 0.0434	13.5471
      2	[ 1.5811,-4.7434]	  -72.0	 0.2402	    0.0
Метод Двидона-Флетчера-Пауэлла
      1	[ 0.4195,-1.6457]	-49.9592	 0.0434	13.5471
      2	[ 1.5811,-4.7434]	  -72.0	 0.2483	    0.0
